0.301146 -0.898577 -0.18936
0.256859 -0.890734 -0.187871
0.212573 -0.88289 -0.186382
0.168287 -0.875047 -0.184893
0.124001 -0.867204 -0.183403
0.0797146 -0.859361 -0.181914
0.0354283 -0.851518 -0.180425
-0.00885787 -0.843675 -0.178936
-0.0531441 -0.835832 -0.177447
-0.0974303 -0.827989 -0.175958
-0.141716 -0.820146 -0.174469
0.301688 -0.903997 -0.14469
0.257401 -0.896154 -0.143201
0.213115 -0.888311 -0.141712
0.168829 -0.880468 -0.140223
0.124543 -0.872624 -0.138734
0.0802565 -0.864781 -0.137245
0.0359703 -0.856938 -0.135756
-0.00831588 -0.849095 -0.134267
-0.0526021 -0.841252 -0.132778
-0.0968883 -0.833409 -0.131289
-0.141175 -0.825566 -0.1298
0.30223 -0.909417 -0.100021
0.257943 -0.901574 -0.0985324
0.213657 -0.893731 -0.0970434
0.169371 -0.885888 -0.0955543
0.125085 -0.878045 -0.0940653
0.0807985 -0.870201 -0.0925763
0.0365123 -0.862358 -0.0910872
-0.0077739 -0.854515 -0.0895982
-0.0520601 -0.846672 -0.0881092
-0.0963463 -0.838829 -0.0866202
-0.140633 -0.830986 -0.0851311
0.302772 -0.914837 -0.0553523
0.258485 -0.906994 -0.0538633
0.214199 -0.899151 -0.0523743
0.169913 -0.891308 -0.0508852
0.125627 -0.883465 -0.0493962
0.0813405 -0.875622 -0.0479072
0.0370543 -0.867779 -0.0464181
-0.00723191 -0.859935 -0.0449291
-0.0515181 -0.852092 -0.0434401
-0.0958043 -0.844249 -0.0419511
-0.140091 -0.836406 -0.040462
0.303314 -0.920257 -0.0106832
0.259027 -0.912414 -0.00919418
0.214741 -0.904571 -0.00770515
0.170455 -0.896728 -0.00621612
0.126169 -0.888885 -0.0047271
0.0818825 -0.881042 -0.00323807
0.0375963 -0.873199 -0.00174904
-0.00668993 -0.865356 -0.000260018
-0.0509761 -0.857512 0.00122901
-0.0952624 -0.849669 0.00271804
-0.139549 -0.841826 0.00420706
0.303856 -0.925678 0.0339859
0.259569 -0.917834 0.0354749
0.215283 -0.909991 0.0369639
0.170997 -0.902148 0.038453
0.126711 -0.894305 0.039942
0.0824245 -0.886462 0.041431
0.0381383 -0.878619 0.0429201
-0.00614794 -0.870776 0.0444091
-0.0504342 -0.862933 0.0458981
-0.0947204 -0.855089 0.0473871
-0.139007 -0.847246 0.0488762
0.304398 -0.931098 0.078655
0.260111 -0.923255 0.080144
0.215825 -0.915411 0.081633
0.171539 -0.907568 0.0831221
0.127253 -0.899725 0.0846111
0.0829665 -0.891882 0.0861001
0.0386803 -0.884039 0.0875891
-0.00560596 -0.876196 0.0890782
-0.0498922 -0.868353 0.0905672
-0.0941784 -0.86051 0.0920562
-0.138465 -0.852667 0.0935452
0.30494 -0.936518 0.123324
0.260653 -0.928675 0.124813
0.216367 -0.920832 0.126302
0.172081 -0.912989 0.127791
0.127795 -0.905145 0.12928
0.0835085 -0.897302 0.130769
0.0392222 -0.889459 0.132258
-0.00506397 -0.881616 0.133747
-0.0493502 -0.873773 0.135236
-0.0936364 -0.86593 0.136725
-0.137923 -0.858087 0.138214
