0.183494 -0.859442 -0.191488
0.138513 -0.858282 -0.190882
0.0935324 -0.857123 -0.190277
0.0485515 -0.855963 -0.189671
0.00357046 -0.854804 -0.189066
-0.0414105 -0.853644 -0.18846
-0.0863915 -0.852484 -0.187855
-0.131372 -0.851325 -0.187249
-0.176353 -0.850165 -0.186644
-0.221334 -0.849006 -0.186038
-0.266315 -0.847846 -0.185433
0.183385 -0.88353 -0.153478
0.138404 -0.88237 -0.152872
0.0934232 -0.881211 -0.152267
0.0484422 -0.880051 -0.151661
0.0034612 -0.878891 -0.151056
-0.0415198 -0.877732 -0.15045
-0.0865008 -0.876572 -0.149845
-0.131482 -0.875413 -0.149239
-0.176463 -0.874253 -0.148634
-0.221444 -0.873094 -0.148028
-0.266425 -0.871934 -0.147423
0.183276 -0.907618 -0.115468
0.138295 -0.906458 -0.114863
0.0933139 -0.905299 -0.114257
0.0483329 -0.904139 -0.113651
0.00335194 -0.902979 -0.113046
-0.041629 -0.90182 -0.11244
-0.08661 -0.90066 -0.111835
-0.131591 -0.899501 -0.111229
-0.176572 -0.898341 -0.110624
-0.221553 -0.897182 -0.110018
-0.266534 -0.896022 -0.109413
0.183167 -0.931706 -0.0774581
0.138186 -0.930546 -0.0768526
0.0932046 -0.929386 -0.076247
0.0482237 -0.928227 -0.0756415
0.00324268 -0.927067 -0.075036
-0.0417383 -0.925908 -0.0744305
-0.0867193 -0.924748 -0.073825
-0.1317 -0.923589 -0.0732194
-0.176681 -0.922429 -0.0726139
-0.221662 -0.92127 -0.0720084
-0.266643 -0.92011 -0.0714029
0.183057 -0.955793 -0.0394481
0.138076 -0.954634 -0.0388426
0.0930954 -0.953474 -0.0382371
0.0481144 -0.952315 -0.0376316
0.00313342 -0.951155 -0.037026
-0.0418476 -0.949996 -0.0364205
-0.0868286 -0.948836 -0.035815
-0.13181 -0.947677 -0.0352095
-0.176791 -0.946517 -0.034604
-0.221772 -0.945358 -0.0339985
-0.266753 -0.944198 -0.0333929
0.182948 -0.979882 -0.00143815
0.137967 -0.978722 -0.000832632
0.0929861 -0.977562 -0.000227116
0.0480051 -0.976403 0.0003784
0.00302416 -0.975243 0.000983924
-0.0419568 -0.974084 0.00158944
-0.0869378 -0.972924 0.00219496
-0.131919 -0.971765 0.00280048
-0.1769 -0.970605 0.00340599
-0.221881 -0.969446 0.00401151
-0.266862 -0.968286 0.00461704
0.182839 -1.00397 0.0365718
0.137858 -1.00281 0.0371773
0.0928769 -1.00165 0.0377828
0.0478959 -1.00049 0.0383884
0.0029149 -0.999331 0.0389939
-0.0420661 -0.998172 0.0395994
-0.0870471 -0.997012 0.0402049
-0.132028 -0.995853 0.0408104
-0.177009 -0.994693 0.0414159
-0.22199 -0.993534 0.0420215
-0.266971 -0.992374 0.042627
0.18273 -1.02806 0.0745818
0.137749 -1.0269 0.0751873
0.0927676 -1.02574 0.0757928
0.0477866 -1.02458 0.0763983
0.00280564 -1.02342 0.0770038
-0.0421754 -1.02226 0.0776093
-0.0871563 -1.0211 0.0782149
-0.132137 -1.01994 0.0788204
-0.177118 -1.01878 0.0794259
-0.222099 -1.01762 0.0800314
-0.26708 -1.01646 0.0806369
