435.74 476.26 517.2 558.23 599.31 640.58 681.98 723.57 765.07 806.9 848.75
432.73 473.8 515.09 556.4 597.96 639.67 681.37 723.38 765.34 807.54 849.83
429.66 471.21 512.75 554.57 596.44 638.73 680.77 723.15 765.68 808.26 850.83
426.68 468.62 510.45 552.59 594.97 637.62 680.24 722.93 765.97 809.02 852.13
423.56 465.75 508.2 550.85 593.59 636.6 679.57 722.83 766.21 809.64 853.1
420.34 463.15 505.92 548.89 592.14 635.48 678.93 722.61 766.38 810.22 854.17
417.23 460.27 503.43 546.9 590.56 634.35 678.31 722.39 766.7 811.1 855.44
413.89 457.42 501 545.03 589.09 633.18 677.65 722.11 766.82 811.69 856.52
322.1 322.67 322.98 323.24 323.41 323.58 323.7 323.9 323.8 323.84 323.78
361.45 361.97 362.27 362.73 362.96 363.19 363.46 363.62 363.63 363.67 363.77
401.5 401.88 402.43 402.82 403.18 403.66 403.83 404.15 404.29 404.41 404.44
442.18 442.88 443.51 443.87 444.37 444.9 445.07 445.46 445.65 445.74 445.94
483.74 484.38 485.12 485.71 486.28 486.77 487.07 487.4 487.78 487.93 488.13
525.98 526.75 527.51 528.14 528.84 529.44 529.86 530.26 530.64 530.98 531.06
569 569.95 570.68 571.56 572.21 572.84 573.37 573.85 574.33 574.81 574.99
612.83 613.68 614.78 615.61 616.31 617.29 617.86 618.38 618.87 619.27 619.63
