0.193838 -0.810557 -0.189921
0.148879 -0.809117 -0.188647
0.10392 -0.807678 -0.187372
0.0589608 -0.806238 -0.186097
0.0140019 -0.804799 -0.184823
-0.030957 -0.803359 -0.183548
-0.075916 -0.80192 -0.182273
-0.120875 -0.80048 -0.180999
-0.165834 -0.799041 -0.179724
-0.210793 -0.797601 -0.178449
-0.255752 -0.796162 -0.177175
0.195414 -0.800044 -0.146195
0.150455 -0.798605 -0.14492
0.105496 -0.797166 -0.143645
0.0605371 -0.795726 -0.142371
0.0155782 -0.794287 -0.141096
-0.0293807 -0.792847 -0.139821
-0.0743397 -0.791408 -0.138547
-0.119299 -0.789968 -0.137272
-0.164257 -0.788529 -0.135997
-0.209216 -0.787089 -0.134723
-0.254175 -0.78565 -0.133448
0.19699 -0.789532 -0.102468
0.152031 -0.788093 -0.101194
0.107072 -0.786653 -0.0999189
0.0621134 -0.785214 -0.0986443
0.0171545 -0.783774 -0.0973696
-0.0278044 -0.782335 -0.0960949
-0.0727634 -0.780895 -0.0948203
-0.117722 -0.779456 -0.0935456
-0.162681 -0.778016 -0.092271
-0.20764 -0.776577 -0.0909963
-0.252599 -0.775137 -0.0897216
0.198566 -0.77902 -0.0587417
0.153608 -0.777581 -0.0574671
0.108649 -0.776141 -0.0561924
0.0636897 -0.774702 -0.0549177
0.0187308 -0.773262 -0.0536431
-0.0262281 -0.771823 -0.0523684
-0.0711871 -0.770383 -0.0510937
-0.116146 -0.768944 -0.0498191
-0.161105 -0.767504 -0.0485444
-0.206064 -0.766065 -0.0472698
-0.251023 -0.764625 -0.0459951
0.200143 -0.768508 -0.0150152
0.155184 -0.767068 -0.0137405
0.110225 -0.765629 -0.0124659
0.065266 -0.764189 -0.0111912
0.0203071 -0.76275 -0.00991653
-0.0246518 -0.76131 -0.00864187
-0.0696108 -0.759871 -0.0073672
-0.11457 -0.758431 -0.00609254
-0.159529 -0.756992 -0.00481788
-0.204488 -0.755553 -0.00354321
-0.249446 -0.754113 -0.00226855
0.201719 -0.757996 0.0287114
0.15676 -0.756556 0.029986
0.111801 -0.755117 0.0312607
0.0668423 -0.753677 0.0325353
0.0218834 -0.752238 0.03381
-0.0230755 -0.750798 0.0350847
-0.0680345 -0.749359 0.0363593
-0.112993 -0.747919 0.037634
-0.157952 -0.74648 0.0389087
-0.202911 -0.74504 0.0401833
-0.24787 -0.743601 0.041458
0.203295 -0.747483 0.0724379
0.158336 -0.746044 0.0737125
0.113377 -0.744605 0.0749872
0.0684186 -0.743165 0.0762619
0.0234597 -0.741726 0.0775365
-0.0214992 -0.740286 0.0788112
-0.0664582 -0.738847 0.0800859
-0.111417 -0.737407 0.0813605
-0.156376 -0.735968 0.0826352
-0.201335 -0.734528 0.0839099
-0.246294 -0.733089 0.0851845
0.204872 -0.736971 0.116164
0.159913 -0.735532 0.117439
0.114954 -0.734092 0.118714
0.0699949 -0.732653 0.119988
0.025036 -0.731213 0.121263
-0.0199229 -0.729774 0.122538
-0.0648819 -0.728334 0.123812
-0.109841 -0.726895 0.125087
-0.1548 -0.725455 0.126362
-0.199759 -0.724016 0.127636
-0.244718 -0.722576 0.128911
