1125.7 1131.7 1138.1 1143.9 1150.7 1157.4 1164.2 1171.2
1075.4 1080.7 1086.1 1091.8 1097.5 1103.5 1109.6 1115.7
1025.6 1030.3 1035.1 1040.1 1045 1050.1 1055.5 1060.9
976.65 980.6 984.7 989.11 993.26 997.84 1002.3 1006.9
928.3 931.59 935.12 938.6 942.27 946.01 949.94 953.8
880.48 883.22 886.05 888.95 891.85 894.87 898.04 901.12
833.15 835.4 837.6 839.85 842.03 844.41 846.8 849.25
786.67 788.11 789.67 791.31 792.9 794.53 796.28 797.96
740.52 741.58 742.38 743.4 744.23 745.35 746.25 747.31
695.1 695.38 695.64 696.05 696.41 696.66 697.04 697.45
650.21 649.8 649.76 649.46 649.21 648.69 648.52 648.31
244.43 288.83 334.56 381.36 429.6 478.61 529.16 581.35
248.01 292.06 337.5 384.07 431.63 480.67 530.85 582.66
251.14 295.29 340.39 386.47 434.2 482.85 532.73 584.07
254.54 298.15 343.15 389.15 436.28 484.79 534.41 585.37
257.69 301.12 345.65 391.57 438.44 486.62 535.82 586.62
260.58 303.95 348.4 393.77 440.36 488.24 537.37 587.74
263.7 306.57 350.65 395.85 442.41 490.04 538.79 588.81
266.33 309.15 353.04 397.96 444.13 491.44 539.95 589.65
269.25 311.76 355.2 400.07 445.93 492.85 540.96 590.46
271.82 313.98 357.44 401.82 447.54 494.23 542.06 591.15
274.34 316.33 359.57 403.67 449.09 495.5 542.9 591.79
