457.92 497.74 536.79 575.13 613.14 650.39 686.97 723.14 758.51 793.5 827.77
457.29 497.17 536.46 574.99 613.05 650.41 687.19 723.41 758.87 793.92 828.38
456.77 496.75 536.07 574.81 612.91 650.49 687.38 723.71 759.43 794.53 829
456.17 496.28 535.8 574.55 613 650.56 687.52 723.87 759.82 794.84 829.62
455.66 496.03 535.47 574.45 612.9 650.58 687.69 724.27 760.18 795.5 830.19
455.18 495.48 535.19 574.26 612.86 650.66 687.91 724.53 760.63 796.04 830.77
454.5 495.11 535.01 574.1 612.74 650.75 688.09 724.74 761.03 796.51 831.38
454.08 494.57 534.59 573.97 612.68 650.78 688.19 725.07 761.41 797.1 832.16
324.87 326.88 328.74 330.48 332.19 333.94 335.56 337.02 338.57 339.94 341.21
363.24 364.95 366.57 367.93 369.48 370.62 371.96 373.29 374.51 375.61 376.65
401.86 403.21 404.54 405.62 406.75 407.84 408.85 409.66 410.52 411.46 412.29
440.68 441.62 442.57 443.54 444.38 445.1 445.76 446.39 447.07 447.61 448.02
479.68 480.36 481 481.58 482.04 482.61 482.88 483.33 483.46 483.83 484.11
518.89 519.27 519.55 519.79 519.98 520.2 520.24 520.31 520.24 520.16 520.03
558.3 558.28 558.37 558.31 558.16 558.02 557.81 557.47 557.06 556.86 556.46
597.82 597.61 597.32 596.95 596.55 596.11 595.47 595.05 594.35 593.6 592.95
