0.400829 -0.905809 -0.219379
0.356574 -0.897662 -0.219648
0.312318 -0.889515 -0.219917
0.268063 -0.881368 -0.220187
0.223807 -0.873221 -0.220456
0.179551 -0.865074 -0.220725
0.135296 -0.856927 -0.220994
0.0910403 -0.84878 -0.221263
0.0467847 -0.840633 -0.221533
0.00252917 -0.832486 -0.221802
-0.0417264 -0.824339 -0.222071
0.399215 -0.913111 -0.175005
0.354959 -0.904964 -0.175274
0.310704 -0.896817 -0.175543
0.266448 -0.88867 -0.175812
0.222193 -0.880524 -0.176082
0.177937 -0.872377 -0.176351
0.133682 -0.86423 -0.17662
0.0894261 -0.856083 -0.176889
0.0451705 -0.847936 -0.177158
0.000914946 -0.839789 -0.177428
-0.0433406 -0.831642 -0.177697
0.397601 -0.920414 -0.130631
0.353345 -0.912267 -0.1309
0.30909 -0.90412 -0.131169
0.264834 -0.895973 -0.131438
0.220579 -0.887826 -0.131707
0.176323 -0.879679 -0.131977
0.132067 -0.871532 -0.132246
0.0878119 -0.863385 -0.132515
0.0435563 -0.855238 -0.132784
-0.000699267 -0.847091 -0.133053
-0.0449548 -0.838944 -0.133323
0.395987 -0.927716 -0.0862565
0.351731 -0.919569 -0.0865257
0.307475 -0.911422 -0.0867949
0.26322 -0.903275 -0.0870641
0.218964 -0.895128 -0.0873333
0.174709 -0.886981 -0.0876025
0.130453 -0.878834 -0.0878717
0.0861976 -0.870687 -0.0881409
0.0419421 -0.86254 -0.0884101
-0.00231349 -0.854393 -0.0886793
-0.046569 -0.846247 -0.0889485
0.394372 -0.935019 -0.0418823
0.350117 -0.926872 -0.0421515
0.305861 -0.918725 -0.0424207
0.261606 -0.910578 -0.0426899
0.21735 -0.902431 -0.0429591
0.173095 -0.894284 -0.0432283
0.128839 -0.886137 -0.0434975
0.0845834 -0.87799 -0.0437667
0.0403279 -0.869843 -0.0440359
-0.00392771 -0.861696 -0.0443051
-0.0481832 -0.853549 -0.0445743
0.392758 -0.942321 0.0024919
0.348503 -0.934174 0.0022227
0.304247 -0.926027 0.0019535
0.259991 -0.91788 0.0016843
0.215736 -0.909733 0.00141511
0.17148 -0.901586 0.00114591
0.127225 -0.893439 0.000876714
0.0829692 -0.885292 0.000607517
0.0387136 -0.877145 0.000338316
-0.00554194 -0.868998 6.91228e-05
-0.0497975 -0.860851 -0.000200074
0.391144 -0.949624 0.0468661
0.346888 -0.941477 0.0465969
0.302633 -0.93333 0.0463277
0.258377 -0.925183 0.0460585
0.214122 -0.917036 0.0457893
0.169866 -0.908889 0.0455201
0.125611 -0.900742 0.0452509
0.081355 -0.892595 0.0449817
0.0370994 -0.884448 0.0447125
-0.00715615 -0.876301 0.0444433
-0.0514117 -0.868154 0.0441741
0.38953 -0.956926 0.0912403
0.345274 -0.948779 0.0909711
0.301019 -0.940632 0.0907019
0.256763 -0.932485 0.0904327
0.212507 -0.924338 0.0901635
0.168252 -0.916191 0.0898943
0.123996 -0.908044 0.0896251
0.0797407 -0.899897 0.0893559
0.0354852 -0.89175 0.0890867
-0.00877039 -0.883603 0.0888175
-0.0530259 -0.875456 0.0885483
