1142.1 1134.4 1127.2 1119.9 1113.3 1106.7 1100.7 1094.5
1087.3 1080.9 1074.7 1068.8 1063 1057.5 1052.2 1047.1
1032.8 1027.4 1022.2 1017.3 1012.8 1008.2 1003.7 999.44
978.38 974.04 970 966.19 962.6 958.9 955.44 952
924.09 921.05 917.94 915.3 912.56 909.87 907.2 904.75
870.02 868.08 866.14 864.18 862.55 860.82 859.13 857.35
816.15 815.14 814.38 813.45 812.58 811.87 811.03 810.19
762.53 762.58 762.69 762.71 762.96 762.87 762.88 763.18
708.84 710.19 711.13 712.16 713.27 714.22 715.14 715.88
655.6 657.71 659.83 661.95 663.67 665.65 667.44 669.11
602.3 605.49 608.7 611.49 614.41 617.16 619.83 622.48
218.54 275.85 330.27 382.92 433.4 481.79 528.52 573.43
221.33 278.22 332.92 385.2 435.39 483.91 530.45 575.26
223.89 280.63 335.08 387.27 437.51 485.85 532.23 577.12
226.35 282.95 337.23 389.45 439.43 487.67 534.06 578.68
228.83 285.2 339.38 391.37 441.29 489.42 535.75 580.2
231.1 287.28 341.27 393.09 443.03 491.14 537.38 581.91
233.26 289.41 343.23 395.17 444.71 492.77 538.84 583.33
235.26 291.21 344.95 396.77 446.37 494.33 540.2 584.67
237.12 293.12 346.72 398.35 448.07 495.59 541.63 585.78
239.12 294.93 348.38 399.78 449.42 496.92 542.77 586.88
240.84 296.46 349.92 401.3 450.67 498.24 543.84 587.95
