0.411388 -0.853364 -0.2219
0.366429 -0.851482 -0.222283
0.32147 -0.849601 -0.222667
0.276511 -0.847719 -0.223051
0.231552 -0.845838 -0.223434
0.186593 -0.843956 -0.223818
0.141634 -0.842075 -0.224201
0.0966749 -0.840194 -0.224585
0.051716 -0.838312 -0.224968
0.00675695 -0.836431 -0.225352
-0.038202 -0.834549 -0.225735
0.410584 -0.863646 -0.178098
0.365625 -0.861764 -0.178481
0.320666 -0.859883 -0.178865
0.275707 -0.858001 -0.179248
0.230748 -0.85612 -0.179632
0.185789 -0.854239 -0.180015
0.14083 -0.852357 -0.180399
0.095871 -0.850476 -0.180783
0.050912 -0.848594 -0.181166
0.00595298 -0.846713 -0.18155
-0.039006 -0.844831 -0.181933
0.40978 -0.873928 -0.134296
0.364821 -0.872046 -0.134679
0.319862 -0.870165 -0.135063
0.274903 -0.868283 -0.135446
0.229944 -0.866402 -0.13583
0.184985 -0.864521 -0.136213
0.140026 -0.862639 -0.136597
0.095067 -0.860758 -0.13698
0.050108 -0.858876 -0.137364
0.00514902 -0.856995 -0.137747
-0.03981 -0.855113 -0.138131
0.408976 -0.88421 -0.0904934
0.364017 -0.882328 -0.0908769
0.319058 -0.880447 -0.0912604
0.274099 -0.878565 -0.091644
0.22914 -0.876684 -0.0920275
0.184181 -0.874803 -0.0924111
0.139222 -0.872921 -0.0927946
0.0942631 -0.87104 -0.0931782
0.0493041 -0.869158 -0.0935617
0.0043451 -0.867277 -0.0939452
-0.0406139 -0.865395 -0.0943288
0.408172 -0.894492 -0.0466912
0.363213 -0.89261 -0.0470747
0.318254 -0.890729 -0.0474583
0.273295 -0.888848 -0.0478418
0.228336 -0.886966 -0.0482253
0.183377 -0.885085 -0.0486089
0.138418 -0.883203 -0.0489924
0.0934591 -0.881322 -0.049376
0.0485001 -0.87944 -0.0497595
0.00354113 -0.877559 -0.050143
-0.0414179 -0.875678 -0.0505266
0.407368 -0.904774 -0.00288897
0.362409 -0.902893 -0.00327251
0.31745 -0.901011 -0.00365606
0.272491 -0.89913 -0.0040396
0.227532 -0.897248 -0.00442314
0.182573 -0.895367 -0.00480668
0.137614 -0.893485 -0.00519022
0.0926552 -0.891604 -0.00557377
0.0476962 -0.889722 -0.00595731
0.00273718 -0.887841 -0.00634086
-0.0422218 -0.88596 -0.0067244
0.406564 -0.915056 0.0409132
0.361605 -0.913175 0.0405297
0.316646 -0.911293 0.0401461
0.271687 -0.909412 0.0397626
0.226728 -0.90753 0.039379
0.181769 -0.905649 0.0389955
0.13681 -0.903767 0.038612
0.0918512 -0.901886 0.0382284
0.0468922 -0.900005 0.0378449
0.00193322 -0.898123 0.0374613
-0.0430258 -0.896242 0.0370778
0.40576 -0.925338 0.0847154
0.360801 -0.923457 0.0843319
0.315842 -0.921575 0.0839483
0.270883 -0.919694 0.0835648
0.225924 -0.917812 0.0831812
0.180965 -0.915931 0.0827977
0.136006 -0.91405 0.0824141
0.0910473 -0.912168 0.0820306
0.0460883 -0.910287 0.0816471
0.00112925 -0.908405 0.0812635
-0.0438297 -0.906524 0.08088
