864.11 863.72 863.44 862.94 862.66 862.37 861.89 861.55
819.89 819.3 818.88 818.23 817.54 817.02 816.32 815.63
776.58 775.85 774.95 774.24 773.4 772.43 771.59 770.56
734.16 733.16 732.09 730.94 729.83 728.77 727.62 726.5
692.47 691.2 689.93 688.69 687.33 686 684.57 683.26
651.71 650.18 648.64 647.18 645.6 644.03 642.49 640.81
611.35 609.9 608.06 606.34 604.66 602.85 601.12 599.19
572.17 570.33 568.36 566.5 564.49 562.45 560.55 558.56
533.48 531.47 529.39 527.12 525.12 523.05 520.8 518.75
495.73 493.48 491.22 488.84 486.4 484.18 481.93 479.6
458.55 456.15 453.48 451.03 448.63 446.21 443.67 441.13
311.84 354.39 397.45 440.79 484.8 529.13 574.01 619.14
313.19 355.35 398.16 441.14 484.6 528.35 572.7 617.51
314.58 356.31 398.58 441.03 484.29 527.64 571.65 615.9
315.82 357.11 399.14 441.22 483.86 526.85 570.38 614.3
316.94 358.14 399.39 441.29 483.46 526.08 568.99 612.56
318.1 358.88 399.74 441.24 482.97 525.2 567.83 610.87
319.22 359.41 400.13 441.02 482.48 524.27 566.42 608.97
320.15 360.19 400.3 440.77 482.02 523.24 565.12 607.1
321.1 360.61 400.46 440.65 481.21 522.12 563.63 605.19
321.97 361.17 400.55 440.37 480.65 521.23 562.08 603.53
322.91 361.68 400.76 440.11 479.86 520.13 560.54 601.54
