0.167375 -0.77318 -0.187689
0.122684 -0.768085 -0.186361
0.0779926 -0.762991 -0.185034
0.0333017 -0.757897 -0.183706
-0.0113893 -0.752802 -0.182379
-0.0560803 -0.747708 -0.181051
-0.100771 -0.742613 -0.179724
-0.145462 -0.737519 -0.178396
-0.190153 -0.732425 -0.177068
-0.234844 -0.72733 -0.175741
-0.279535 -0.722236 -0.174413
0.167432 -0.784053 -0.144022
0.122741 -0.778958 -0.142695
0.0780503 -0.773864 -0.141367
0.0333594 -0.76877 -0.14004
-0.0113316 -0.763675 -0.138712
-0.0560226 -0.758581 -0.137384
-0.100714 -0.753486 -0.136057
-0.145405 -0.748392 -0.134729
-0.190096 -0.743298 -0.133402
-0.234787 -0.738203 -0.132074
-0.279478 -0.733109 -0.130747
0.16749 -0.794926 -0.100356
0.122799 -0.789831 -0.0990281
0.0781081 -0.784737 -0.0977006
0.0334171 -0.779643 -0.096373
-0.0112739 -0.774548 -0.0950454
-0.0559649 -0.769454 -0.0937178
-0.100656 -0.764359 -0.0923903
-0.145347 -0.759265 -0.0910627
-0.190038 -0.754171 -0.0897351
-0.234729 -0.749076 -0.0884075
-0.27942 -0.743982 -0.0870799
0.167548 -0.805799 -0.0566891
0.122857 -0.800704 -0.0553615
0.0781658 -0.79561 -0.0540339
0.0334748 -0.790516 -0.0527064
-0.0112162 -0.785421 -0.0513788
-0.0559072 -0.780327 -0.0500512
-0.100598 -0.775232 -0.0487236
-0.145289 -0.770138 -0.0473961
-0.18998 -0.765044 -0.0460685
-0.234671 -0.759949 -0.0447409
-0.279362 -0.754855 -0.0434133
0.167606 -0.816672 -0.0130225
0.122915 -0.811577 -0.0116949
0.0782235 -0.806483 -0.0103673
0.0335325 -0.801389 -0.00903973
-0.0111584 -0.796294 -0.00771215
-0.0558494 -0.7912 -0.00638458
-0.10054 -0.786105 -0.005057
-0.145231 -0.781011 -0.00372943
-0.189922 -0.775917 -0.00240185
-0.234613 -0.770822 -0.00107427
-0.279304 -0.765728 0.000253303
0.167663 -0.827545 0.0306442
0.122972 -0.82245 0.0319717
0.0782812 -0.817356 0.0332993
0.0335903 -0.812262 0.0346269
-0.0111007 -0.807167 0.0359545
-0.0557917 -0.802073 0.037282
-0.100483 -0.796978 0.0386096
-0.145174 -0.791884 0.0399372
-0.189865 -0.78679 0.0412648
-0.234556 -0.781695 0.0425924
-0.279247 -0.776601 0.0439199
0.167721 -0.838418 0.0743108
0.12303 -0.833323 0.0756384
0.078339 -0.828229 0.0769659
0.033648 -0.823135 0.0782935
-0.011043 -0.81804 0.0796211
-0.055734 -0.812946 0.0809487
-0.100425 -0.807851 0.0822762
-0.145116 -0.802757 0.0836038
-0.189807 -0.797663 0.0849314
-0.234498 -0.792568 0.086259
-0.279189 -0.787474 0.0875866
0.167779 -0.849291 0.117977
0.123088 -0.844196 0.119305
0.0783967 -0.839102 0.120633
0.0337057 -0.834008 0.12196
-0.0109853 -0.828913 0.123288
-0.0556763 -0.823819 0.124615
-0.100367 -0.818724 0.125943
-0.145058 -0.81363 0.12727
-0.189749 -0.808536 0.128598
-0.23444 -0.803441 0.129926
-0.279131 -0.798347 0.131253
