953.16 954.97 956.51 958.25 959.82 961.53 963.26 964.94
907.4 908.85 910.27 911.75 913.22 914.62 916 917.38
862.34 863.59 864.88 866.26 867.53 868.63 869.88 871.24
818.19 819.21 820.3 821.37 822.48 823.49 824.42 825.74
774.85 775.6 776.5 777.48 778.38 779.17 780.16 780.96
732.25 732.88 733.57 734.28 734.83 735.55 736.4 736.87
690.49 690.83 691.52 691.88 692.42 692.89 693.43 693.89
649.46 649.72 650.1 650.41 650.63 651.03 651.33 651.68
609.15 609.31 609.45 609.57 609.82 609.94 610.14 610.19
569.66 569.58 569.59 569.65 569.55 569.56 569.54 569.51
530.86 530.64 530.43 530.36 530.12 530.08 529.84 529.73
257.55 301.16 345.29 389.53 434.06 479.04 524.3 569.69
261.21 304.67 347.96 391.93 436.03 480.56 525.41 570.48
264.8 307.51 350.73 394.17 437.94 482.04 526.54 571.19
268.28 310.67 353.39 396.48 439.88 483.6 527.5 571.74
271.68 313.7 356.08 398.67 441.56 484.94 528.5 572.25
274.77 316.37 358.34 400.59 443.25 486.21 529.24 572.65
277.93 319.2 360.73 402.53 444.83 487.32 530.02 572.97
280.8 321.72 362.95 404.4 446.35 488.31 530.63 573.25
283.76 324.28 365.18 406.23 447.65 489.29 531.29 573.47
286.53 326.76 367.12 407.9 448.94 490.31 531.6 573.69
289.23 329.03 369.14 409.52 450.09 491.02 532.16 573.65
