1005.8 1014.1 1022.9 1032.3 1042.1 1052.5 1063.5 1075
969.38 976.81 984.81 993 1001.8 1011 1020.8 1031.2
932.71 939.58 946.43 953.79 961.52 969.55 978.03 987.25
896.56 902.24 908.15 914.5 920.99 928.35 935.42 943.31
860.11 865.1 870.02 875.34 880.78 886.76 892.92 899.43
823.76 827.81 831.81 836.05 840.61 845.28 850.22 855.6
787.61 790.45 793.67 796.85 800.3 803.73 807.62 811.85
751.37 753.24 755.49 757.64 760.02 762.48 765.08 767.87
715.09 716.13 717.22 718.49 719.78 721.17 722.47 723.94
678.83 679.05 679.28 679.43 679.59 679.74 680.16 680.32
642.71 641.97 641.19 640.41 639.52 638.62 637.63 636.68
339.68 367.78 397.27 428.34 460.99 495.56 532.21 570.69
340.54 368.7 398.33 429.47 462.13 496.64 533.11 571.87
341.39 369.65 399.08 430.41 463.21 497.71 534.14 572.85
342.28 370.5 400.2 431.23 463.89 498.62 535.21 573.89
343.2 371.34 401.03 432.23 465.04 499.61 536.22 574.87
343.93 372.04 401.8 432.98 465.68 500.45 537.05 575.78
344.56 372.82 402.54 433.62 466.49 501.33 537.88 576.6
345.34 373.54 403.29 434.39 467.34 501.91 538.61 577.32
345.97 374.11 403.75 435.09 467.92 502.65 539.33 577.94
346.73 374.86 404.53 435.75 468.61 503.28 539.82 578.66
347.42 375.52 405.09 436.37 469.25 503.8 540.51 579.09
