0.392788 -0.933903 -0.220151
0.348299 -0.940659 -0.220457
0.30381 -0.947415 -0.220763
0.259321 -0.954171 -0.221069
0.214832 -0.960926 -0.221375
0.170343 -0.967682 -0.221681
0.125854 -0.974438 -0.221986
0.0813654 -0.981193 -0.222292
0.0368765 -0.987949 -0.222598
-0.00761247 -0.994705 -0.222904
-0.0521014 -1.00146 -0.22321
0.393325 -0.939463 -0.175499
0.348836 -0.946219 -0.175805
0.304348 -0.952975 -0.176111
0.259859 -0.95973 -0.176417
0.21537 -0.966486 -0.176723
0.170881 -0.973242 -0.177029
0.126392 -0.979998 -0.177334
0.0819027 -0.986753 -0.17764
0.0374138 -0.993509 -0.177946
-0.00707515 -1.00026 -0.178252
-0.0515641 -1.00702 -0.178558
0.393863 -0.945023 -0.130847
0.349374 -0.951779 -0.131153
0.304885 -0.958534 -0.131459
0.260396 -0.96529 -0.131765
0.215907 -0.972046 -0.132071
0.171418 -0.978802 -0.132377
0.126929 -0.985557 -0.132682
0.08244 -0.992313 -0.132988
0.0379511 -0.999069 -0.133294
-0.00653784 -1.00582 -0.1336
-0.0510268 -1.01258 -0.133906
0.3944 -0.950583 -0.0861954
0.349911 -0.957339 -0.0865013
0.305422 -0.964094 -0.0868071
0.260933 -0.97085 -0.087113
0.216444 -0.977606 -0.0874188
0.171955 -0.984362 -0.0877247
0.127466 -0.991117 -0.0880305
0.0829774 -0.997873 -0.0883363
0.0384884 -1.00463 -0.0886422
-0.00600052 -1.01138 -0.088948
-0.0504894 -1.01814 -0.0892539
0.394937 -0.956143 -0.0415435
0.350448 -0.962898 -0.0418493
0.305959 -0.969654 -0.0421551
0.26147 -0.97641 -0.042461
0.216982 -0.983166 -0.0427668
0.172493 -0.989921 -0.0430727
0.128004 -0.996677 -0.0433785
0.0835147 -1.00343 -0.0436844
0.0390257 -1.01019 -0.0439902
-0.00546323 -1.01694 -0.044296
-0.0499521 -1.0237 -0.0446019
0.395475 -0.961703 0.00310852
0.350986 -0.968458 0.00280268
0.306497 -0.975214 0.00249684
0.262008 -0.98197 0.002191
0.217519 -0.988726 0.00188516
0.17303 -0.995481 0.00157931
0.128541 -1.00224 0.00127347
0.084052 -1.00899 0.000967629
0.039563 -1.01575 0.000661783
-0.00492591 -1.0225 0.000355944
-0.0494148 -1.02926 5.01014e-05
0.396012 -0.967262 0.0477605
0.351523 -0.974018 0.0474546
0.307034 -0.980774 0.0471488
0.262545 -0.98753 0.046843
0.218056 -0.994285 0.0465371
0.173567 -1.00104 0.0462313
0.129078 -1.0078 0.0459254
0.0845893 -1.01455 0.0456196
0.0401004 -1.02131 0.0453138
-0.0043886 -1.02806 0.0450079
-0.0488775 -1.03482 0.0447021
0.396549 -0.972822 0.0924125
0.35206 -0.979578 0.0921066
0.307571 -0.986334 0.0918008
0.263082 -0.993089 0.091495
0.218593 -0.999845 0.0911891
0.174105 -1.0066 0.0908833
0.129616 -1.01336 0.0905774
0.0851266 -1.02011 0.0902716
0.0406377 -1.02687 0.0899658
-0.00385128 -1.03362 0.0896599
-0.0483402 -1.04038 0.089354
